0 50 50
1 66 74
2 70 103
3 94 148
4 118 227
5 140 289
6 154 304
7 153 291
8 148 280
9 163 260
10 169 268
11 175 264
12 177 253
13 183 241
14 189 239
15 197 263
16 207 325
17 206 342
18 219 365
19 208 367
20 218 406
21 222 462
22 217 534
23 199 558
24 183 518
25 149 554
26 126 517
27 107 553
28 94 528
29 85 478
30 89 463
31 85 416
32 78 356
33 75 324
34 66 285
35 73 260
36 76 235
37 77 255
38 69 271
39 70 273
40 64 294
41 64 281
42 65 259
43 75 248
44 85 264
45 92 274
46 100 246
47 110 243
48 117 268
49 131 282
50 144 258
51 163 235
52 183 272
53 178 334
54 181 410
55 171 502
56 150 597
57 145 634
58 127 718
59 112 761
60 99 801
61 80 767
62 81 797
63 71 801
64 67 857
65 46 820
66 38 808
67 32 829
68 35 750
69 28 628
70 27 622
71 28 607
72 31 485
73 38 406
74 45 339
75 53 276
76 57 236
77 67 191
78 73 166
79 81 189
80 91 240
81 108 273
82 114 313
83 102 365
84 94 368
85 96 353
86 96 398
87 95 464
88 99 505
89 84 478
90 86 469
91 94 470
92 107 540
93 118 584
94 128 573
95 124 560
96 131 545
97 133 563
98 149 570
99 146 536
100 142 606
101 161 653
102 147 708
103 164 790
104 159 837
105 169 885
106 144 864
107 126 942
108 95 943
109 82 968
110 61 950
111 48 916
112 31 936
113 28 1065
114 24 1158
115 26 1213
116 29 1138
117 36 1047
118 45 1011
119 48 896
120 47 793
121 51 598
122 46 548
123 47 538
124 50 489
125 53 468
126 54 482
127 40 419
128 37 429
129 29 449
130 31 505
131 23 537
132 18 491
133 17 454
134 15 449
135 18 465
136 21 487
137 27 424
138 30 440
139 35 491
140 37 503
141 41 480
142 39 479
143 42 395
144 50 320
145 62 331
146 74 357
147 88 322
148 103 308
149 100 339
150 105 362
151 108 431
152 116 462
153 122 469
154 125 493
155 140 554
156 150 601
157 169 636
158 188 709
159 190 762
160 197 852
161 192 934
162 183 980
163 181 994
164 193 1039
165 213 1082
166 226 1071
167 241 944
168 255 877
169 295 852
170 322 750
171 346 714
172 358 728
173 375 808
174 411 785
175 412 832
176 420 893
177 433 891
178 434 944
179 408 867
180 423 928
181 439 875
182 434 832
183 442 783
184 457 760
185 488 732
186 550 709
187 530 771
188 534 854
189 535 862
190 511 785
191 541 735
192 527 709
193 544 729
194 543 761
195 554 788
196 518 786
197 506 737
198 510 681
199 488 673
